2028001,1
2028002,1
2028003,1
2028004,1
2028005,1
2028006,1
2028007,1
2028008,1
2028009,1
20280010,1
20280011,1
20280012,1
20280013,1
20280014,1
20280015,1
20280016,1
20280017,1
20280018,1
20280019,1
20280020,1
20280021,1
20280022,1
20280023,1
20280024,1
20280025,1
20280026,1
20280027,1
20280028,1
20280029,1
20280030,1
20280031,1
20280032,1
20280033,1
20280034,1
20280035,1
20280036,1
20280037,1
20280038,1
20280039,1
20280040,1
20280041,1
20280042,1
20280043,1
20280044,1
20280045,1
20280046,1
20280047,1
20280048,1
20280049,1
20280050,1
20280051,1
20280052,1
20280053,1
20280054,1
20280055,1
20280056,1
20280057,1
20280058,1
20280059,1
20280060,1
20280061,1
20280062,1
20280063,1
20280064,1
20280065,1
20280066,1
20280067,1
20280068,1
20280069,1
20280070,1
20280071,1
20280072,1
20280073,1
20280074,1
20280075,1
20280076,1
20280077,1
20280078,1
20280079,1
20280080,1
20280081,1
20280082,1
20280083,1
20280084,1
20280085,1
20280086,1
20280087,1
20280088,1
20280089,1
20280090,1
20280091,1
20280092,1
20280093,1
20280094,1
20280095,1
20280096,1
20280097,1
20280098,1
20280099,1
202800100,1
202800101,1
202800102,1
202800103,1
202800104,1
202800105,1
202800106,1
202800107,1
202800108,1
202800109,1
202800110,1
202800111,1
202800112,1
202800113,1
202800114,1
202800115,1
202800116,1
202800117,1
202800118,1
202800119,1
202800120,1
